   1  0.00292  0.50168 -0.19664
    1  0   0    0    0
 0 0 0 0 0
   2 -0.43284 -0.25008 -0.17068
    2  0   0    0    0
 0 0 0 0 0
   3  0.41880 -0.25060 -0.17992
    3  0   0    0    0
 0 0 0 0 0
   4  0.00352 -0.50224 -0.19368
    4  0   0    0    0
 0 0 0 0 0
   5  0.41968  0.25100 -0.18296
    5  0   0    0    0
 0 0 0 0 0
   6 -0.42544  0.24628 -0.17992
    6  0   0    0    0
 0 0 0 0 0
   7  0.42200  0.24184  0.18684
    7  0   0    0    0
 0 0 0 0 0
   8 -0.00296 -0.50244  0.18224
    8  0   0    0    0
 0 0 0 0 0
   9 -0.42160  0.24964  0.18132
    9  0   0    0    0
 0 0 0 0 0
  10 -0.43060 -0.25404  0.18148
   10  0   0    0    0
 0 0 0 0 0
  11 -0.00296  0.49976  0.18336
   11  0   0    0    0
 0 0 0 0 0
  12  0.42352 -0.24128  0.18444
   12  0   0    0    0
 0 0 0 0 0
  13  0.85856  0.01496 -0.01516
   13  0   0    0    0
 0 0 0 0 0
  14 -0.39660  0.74996  0.05072
   14  0   0    0    0
 0 0 0 0 0
  15 -0.41520 -0.75128 -0.01620
   15  0   0    0    0
 0 0 0 0 0
  16 -0.85680 -0.01148 -0.01652
   16  0   0    0    0
 0 0 0 0 0
  17  0.40208 -0.75024  0.02688
   17  0   0    0    0
 0 0 0 0 0
  18  0.41820  0.75000 -0.01952
   18  0   0    0    0
 0 0 0 0 0
  19 -0.86188 -0.01728  0.02768
   19  0   0    0    0
 0 0 0 0 0
  20  0.41508 -0.75764 -0.02928
   20  0   0    0    0
 0 0 0 0 0
  21  0.40596  0.73692  0.01596
   21  0   0    0    0
 0 0 0 0 0
  22  0.86104  0.00844  0.02416
   22  0   0    0    0
 0 0 0 0 0
  23 -0.39796  0.76312 -0.05208
   23  0   0    0    0
 0 0 0 0 0
  24 -0.40900 -0.73700  0.02088
   24  0   0    0    0
 0 0 0 0 0
  25  0.27716 -0.19484  0.00016
   25  0   0    0    0
 0 0 0 0 0
  26  0.07836  0.30164  0.00056
   26  0   0    0    0
 0 0 0 0 0
  27 -0.29880 -0.15828 -0.00116
   27  0   0    0    0
 0 0 0 0 0
  28 -0.27028  0.19348 -0.00028
   28  0   0    0    0
 0 0 0 0 0
  29 -0.07808 -0.29428 -0.00036
   29  0   0    0    0
 0 0 0 0 0
  30  0.30780  0.16908 -0.00100
   30  0   0    0    0
 0 0 0 0 0
  31 -0.30856  0.19044 -0.00020
   31  0   0    0    0
 0 0 0 0 0
  32  0.23512  0.20956  0.00080
   32  0   0    0    0
 0 0 0 0 0
  33  0.06000 -0.30408  0.00040
   33  0   0    0    0
 0 0 0 0 0
  34  0.31460 -0.18360 -0.00088
   34  0   0    0    0
 0 0 0 0 0
  35 -0.22560 -0.21324  0.00020
   35  0   0    0    0
 0 0 0 0 0
  36 -0.05480  0.31248  0.00076
   36  0   0    0    0
 0 0 0 0 0
  37  2.19720  1.27544  0.12600
   37  0   0    0    0
 0 0 0 0 0
  38 -2.24040  1.29980  0.14564
   38  0   0    0    0
 0 0 0 0 0
  39 -0.00316 -2.47424  0.10636
   39  0   0    0    0
 0 0 0 0 0
  40 -2.20336 -1.28296  0.12812
   40  0   0    0    0
 0 0 0 0 0
  41  2.22976 -1.29084  0.14220
   41  0   0    0    0
 0 0 0 0 0
  42  0.00272  2.46500  0.10196
   42  0   0    0    0
 0 0 0 0 0
  43  0.00568  2.48184 -0.10512
   43  0   0    0    0
 0 0 0 0 0
  44  2.22416 -1.28772 -0.14324
   44  0   0    0    0
 0 0 0 0 0
  45 -2.18992 -1.26964 -0.13164
   45  0   0    0    0
 0 0 0 0 0
  46 -0.00168 -2.48776 -0.11356
   46  0   0    0    0
 0 0 0 0 0
  47 -2.22896  1.28944 -0.14944
   47  0   0    0    0
 0 0 0 0 0
  48  2.17944  1.26588 -0.12664
   48  0   0    0    0
 0 0 0 0 0
  49  0.43456  0.18432  0.09452
   49  0   0    0    0
 0 0 0 0 0
  50 -0.36112  0.29472  0.11296
   50  0   0    0    0
 0 0 0 0 0
  51 -0.06260 -0.46800  0.08988
   51  0   0    0    0
 0 0 0 0 0
  52 -0.42672 -0.18300  0.09332
   52  0   0    0    0
 0 0 0 0 0
  53  0.35188 -0.28752  0.10556
   53  0   0    0    0
 0 0 0 0 0
  54  0.06132  0.46016  0.08712
   54  0   0    0    0
 0 0 0 0 0
  55 -0.05532  0.45964 -0.07972
   55  0   0    0    0
 0 0 0 0 0
  56  0.42876 -0.17116 -0.10232
   56  0   0    0    0
 0 0 0 0 0
  57 -0.35624 -0.28504 -0.10224
   57  0   0    0    0
 0 0 0 0 0
  58  0.05824 -0.47020 -0.08916
   58  0   0    0    0
 0 0 0 0 0
  59 -0.43488  0.17212 -0.10576
   59  0   0    0    0
 0 0 0 0 0
  60  0.36328  0.29104 -0.10196
   60  0   0    0    0
 0 0 0 0 0
  61 -0.43268 -0.17968 -0.09376
   61  0   0    0    0
 0 0 0 0 0
  62  0.36356 -0.29280 -0.10916
   62  0   0    0    0
 0 0 0 0 0
  63  0.06452  0.46540 -0.09044
   63  0   0    0    0
 0 0 0 0 0
  64  0.42436  0.17664 -0.09032
   64  0   0    0    0
 0 0 0 0 0
  65 -0.35924  0.29060 -0.11092
   65  0   0    0    0
 0 0 0 0 0
  66 -0.06236 -0.45568 -0.09020
   66  0   0    0    0
 0 0 0 0 0
  67  0.05708 -0.46316  0.08540
   67  0   0    0    0
 0 0 0 0 0
  68 -0.43148  0.17564  0.10692
   68  0   0    0    0
 0 0 0 0 0
  69  0.35164  0.28440  0.10120
   69  0   0    0    0
 0 0 0 0 0
  70 -0.05740  0.46936  0.08120
   70  0   0    0    0
 0 0 0 0 0
  71  0.43836 -0.17916  0.10740
   71  0   0    0    0
 0 0 0 0 0
  72 -0.35848 -0.29180  0.10436
   72  0   0    0    0
 0 0 0 0 0